              precision    recall  f1-score   support

           0       1.00      0.99      1.00       200
           1       0.97      0.98      0.98       100
           2       0.98      0.96      0.97       140
           3       0.97      0.99      0.98       151
           4       0.97      0.96      0.96       100
           5       0.96      0.97      0.97        80

    accuracy                           0.98       771
   macro avg       0.98      0.98      0.98       771
weighted avg       0.98      0.98      0.98       771
