              precision    recall  f1-score   support

           0       1.00      1.00      1.00       200
           1       0.73      0.65      0.69       100
           2       0.78      0.79      0.78       140
           3       0.83      0.91      0.87       151
           4       0.88      0.87      0.87       100
           5       0.67      0.62      0.65        80

    accuracy                           0.84       771
   macro avg       0.81      0.81      0.81       771
weighted avg       0.84      0.84      0.84       771
