              precision    recall  f1-score   support

           0       1.00      1.00      1.00       200
           1       0.70      0.67      0.68       100
           2       0.81      0.86      0.84       140
           3       0.83      0.87      0.85       151
           4       0.94      0.90      0.92       100
           5       0.78      0.70      0.74        80

    accuracy                           0.86       771
   macro avg       0.84      0.83      0.84       771
weighted avg       0.86      0.86      0.86       771
