              precision    recall  f1-score   support

           0       1.00      1.00      1.00       200
           1       0.97      0.99      0.98       100
           2       0.99      1.00      0.99       140
           3       0.99      0.98      0.98       151
           4       1.00      0.99      0.99       100
           5       1.00      0.97      0.99        80

    accuracy                           0.99       771
   macro avg       0.99      0.99      0.99       771
weighted avg       0.99      0.99      0.99       771
